image_width: 480
image_height: 640
camera_name: your_camera
camera_matrix:
  rows: 3
  cols: 3
  data: [ 2350.2519340665995, 0.0, 1036.9277947236233,
            0.0, 2342.3932749794367, 771.9246455632762,
            0.0, 0.0, 1.0 ]
camera_model: plumb_bob
distortion_coefficients:
  rows: 1
  cols: 5
  data: [ -0.0659962165057159, 0.2493835779975687, -0.0008637138329360321, -0.0017432473301380882, -0.5114451674265583]
rectification_matrix:
  rows: 3
  cols: 3
  data: [ 1., 0., 0.,
            0., 1., 0.,
            0., 0., 1. ]
projection_matrix:
  rows: 3
  cols: 4
  data: [ 2350.2519340665995, 0.0, 1036.9277947236233, 0.,
            0.0, 2342.3932749794367, 771.9246455632762, 0.,
            0.0, 0.0, 1.0, 0.]