image_width: 2064
image_height: 1544
camera_name: pp_rgb
camera_matrix:
  rows: 3
  cols: 3
  data: [ 2345.317416148803, 0.0, 923.2261978249728,
            0.0, 2345.317416148803, 729.1963784817409,
            0.0, 0.0, 1.0 ]
camera_model: plumb_bob
distortion_coefficients:
  rows: 1
  cols: 5
  data: [ -0.0640082169788468, 0.1750232727469868, -0.004011839605006104, -0.009852060666884122, -0.16360925450658975]
rectification_matrix:
  rows: 3
  cols: 3
  data: [ 1., 0., 0.,
            0., 1., 0.,
            0., 0., 1. ]
projection_matrix: # for openCV's free scaling param alpha = 1
  rows: 3
  cols: 4
  data: [ 2311.09765625, 0.0, 906.2815514890244, 0.,
            0.0, 2300.77587890625, 723.1805554004823, 0.,
            0.0, 0.0, 1.0, 0.]
