image_width: 480
image_height: 640
camera_name: your_camera
camera_matrix:
  rows: 3
  cols: 3
  data: [ 2350.169354705866, 0.0, 1041.5799740278524,
            0.0, 2342.4968947076945, 779.12054865883,
            0.0, 0.0, 1.0 ]
camera_model: plumb_bob
distortion_coefficients:
  rows: 1
  cols: 5
  data: [ -0.0639514058663619, 0.18546698273442766, 0.00018005175010362903, -0.0009404350643976161, -0.3647174366520174]
rectification_matrix:
  rows: 3
  cols: 3
  data: [ 1., 0., 0.,
            0., 1., 0.,
            0., 0., 1. ]
projection_matrix:
  rows: 3
  cols: 4
  data: [ 2350.169354705866, 0.0, 1041.5799740278524, 0.,
            0.0, 2342.4968947076945, 779.12054865883, 0.,
            0.0, 0.0, 1.0, 0.]