image_width: 2064
image_height: 1544
camera_name: pp_nir
camera_matrix:
  rows: 3
  cols: 3
  data: [ 2168.3384180045728, 0.0, 1112.1601700308067,
            0.0, 2164.4769239129914, 817.1099517755939,
            0.0, 0.0, 1.0 ]
camera_model: none
distortion_coefficients:
  rows: 1
  cols: 5
  data: [ -0.28929878171116075, 0.23506143326102566, 0.0008938951450161913, 0.0008199734327564217, -0.1627115095690575]
rectification_matrix:
  rows: 3
  cols: 3
  data: [ 0.0, 0.0, 0.0,
            0.0, 0.0, 0.0,
            0.0, 0.0, 0.0 ]
projection_matrix: # for openCV's free scaling param alpha = 1
  rows: 3
  cols: 4
  data: [ 0.0, 0.0, 0.0, 0.,
            0.0, 0.0, 0.0, 0.,
            0.0, 0.0, 0.0, 0.]
